1
2147483664
3254779904
2
2147549184
2208778635
2516653837
2970912456
1
3238002688
2684355072
2684878848
2151682048
3692606580
2297882850
2359978295
2151677952
[3, 2, 3, 2, 3, 3, 1]
[0, 3, 5, 8, 10, 13, 16]
2147483776
2724463432
3758100496
2181398532
1
2148007938
2149588992
2147483649
2164342786
2315256097
3226468864
2
2147487744
2
2147483776
2
2164260864
3230271488
2485628552
2684371033
2415931392
1
2147484672
2349892660
2161131584
2357856546
2
2415919104
1
2164260868
[1, 3, 3, 1, 3, 2, 2, 2, 3, 3, 3, 2, 2]
[0, 1, 4, 7, 8, 11, 13, 15, 17, 20, 23, 26, 28]
2415919168
1
2282749968
3992419246
4284481527
4159681995
2147484689
1
2147483680
2148040704
2157969408
2147502596
2181038080
2147483656
[3, 3, 3, 3, 2]
[0, 3, 6, 9, 12]
2147614720
2147491841
2151940096
2147614848
2147487744
2
2148532224
2
2149580800
1
2148532224
2415919104
1
2147483664
4025864174
4222353279
4291690318
1
2214592512
2148007952
2147483776
2147483681
[1, 3, 1, 2, 2, 2, 3, 3, 2, 3]
[0, 1, 4, 5, 7, 9, 11, 14, 17, 19]
